{
 "cells": [
  {
   "cell_type": "code",
   "execution_count": 2,
   "id": "670c9bc7-4dfe-4c0c-8a5d-3576cda3c2f5",
   "metadata": {},
   "outputs": [],
   "source": [
    "import pandas as pd\n",
    "import numpy as np\n",
    "# import matplotlib.pyplot as plt\n",
    "\n",
    "from scipy.signal import hilbert"
   ]
  },
  {
   "cell_type": "markdown",
   "id": "878c6c94-9619-417b-88a5-9ab4696be645",
   "metadata": {},
   "source": [
    "## Import data\n",
    "\n",
    "1 - epilepsy\n",
    "0 - control"
   ]
  },
  {
   "cell_type": "code",
   "execution_count": 3,
   "id": "38ee7b50-614f-45c8-9b28-46c7965723db",
   "metadata": {},
   "outputs": [],
   "source": [
    "eeg_points: list[str] = ['AF3', 'AF4', 'F3', 'F4', 'F7', 'F8', 'FC5', 'FC6', 'O1', 'O2', 'P7', 'P8', 'T7', 'T8']\n",
    "label_encoder: dict[str, int] = {\n",
    "    'epilepsy' : 1, \n",
    "    \"control\" : 0\n",
    "}\n",
    "\n",
    "studies: list[pd.Series] = []"
   ]
  },
  {
   "cell_type": "code",
   "execution_count": 4,
   "id": "c301f839-0f1d-4c9b-a7cf-fc67340b3e20",
   "metadata": {},
   "outputs": [],
   "source": [
    "# Guinea Bissau\n",
    "meta_gb = pd.read_csv(\"DATASET/metadata_guineabissau.csv\")"
   ]
  },
  {
   "cell_type": "code",
   "execution_count": 5,
   "id": "b1a6726d",
   "metadata": {},
   "outputs": [],
   "source": [
    "def get_closed_eyes_signal(signal: pd.DataFrame) -> pd.DataFrame:\n",
    "    num_rows: int = len(signal)\n",
    "    return signal[int(3 * num_rows / 5):]"
   ]
  },
  {
   "cell_type": "code",
   "execution_count": 6,
   "id": "096a30f7-47ed-439a-91af-37dd51c5e306",
   "metadata": {},
   "outputs": [],
   "source": [
    "for row in meta_gb.iterrows():\n",
    "    subject_id = row[1]['subject.id']\n",
    "    label = label_encoder[row[1].Group.lower()]\n",
    "    signal = pd.read_csv(f\"DATASET/EEGs_Guinea-Bissau/signal-{subject_id}.csv\")\n",
    "    signal = signal[eeg_points]\n",
    "    \n",
    "    closed_eyes_signal = get_closed_eyes_signal(signal)\n",
    "\n",
    "    studies.append(closed_eyes_signal)"
   ]
  },
  {
   "cell_type": "code",
   "execution_count": 7,
   "id": "8861d5b3",
   "metadata": {},
   "outputs": [],
   "source": [
    "target = studies[0]\n",
    "target_df = pd.DataFrame(target)\n",
    "\n",
    "correlation_matrix = target_df.corr()"
   ]
  },
  {
   "cell_type": "code",
   "execution_count": 8,
   "id": "f42b22c0-f603-4dec-9848-e8ff5b31b3f1",
   "metadata": {},
   "outputs": [],
   "source": [
    "# Nigeria\n",
    "meta_nig = pd.read_csv(\"DATASET/metadata_nigeria.csv\")"
   ]
  },
  {
   "cell_type": "code",
   "execution_count": 9,
   "id": "7c93255a-3bb0-419a-b937-ceea436d3d97",
   "metadata": {},
   "outputs": [],
   "source": [
    "for _, row in meta_nig.iterrows():\n",
    "    subject_id = row['subject.id']\n",
    "    label = label_encoder[row.Group]\n",
    "    filename = row['csv.file'][:-3]\n",
    "    signal = pd.read_csv(f\"DATASET/EEGs_Nigeria/{filename}\")\n",
    "    signal = signal[eeg_points]\n",
    "    \n",
    "    closed_eyes_signal = get_closed_eyes_signal(signal)\n",
    "\n",
    "    studies.append(closed_eyes_signal)"
   ]
  },
  {
   "cell_type": "code",
   "execution_count": 10,
   "id": "065f98d7",
   "metadata": {},
   "outputs": [
    {
     "data": {
      "text/plain": [
       "318"
      ]
     },
     "execution_count": 10,
     "metadata": {},
     "output_type": "execute_result"
    }
   ],
   "source": [
    "len(studies)"
   ]
  },
  {
   "cell_type": "code",
   "execution_count": 11,
   "id": "bce1016b",
   "metadata": {},
   "outputs": [
    {
     "name": "stdout",
     "output_type": "stream",
     "text": [
      "<class 'pandas.core.frame.DataFrame'>\n"
     ]
    }
   ],
   "source": [
    "print(type(studies[0]))"
   ]
  },
  {
   "cell_type": "code",
   "execution_count": 35,
   "id": "e1d88c9d",
   "metadata": {},
   "outputs": [
    {
     "data": {
      "text/html": [
       "<div>\n",
       "<style scoped>\n",
       "    .dataframe tbody tr th:only-of-type {\n",
       "        vertical-align: middle;\n",
       "    }\n",
       "\n",
       "    .dataframe tbody tr th {\n",
       "        vertical-align: top;\n",
       "    }\n",
       "\n",
       "    .dataframe thead th {\n",
       "        text-align: right;\n",
       "    }\n",
       "</style>\n",
       "<table border=\"1\" class=\"dataframe\">\n",
       "  <thead>\n",
       "    <tr style=\"text-align: right;\">\n",
       "      <th></th>\n",
       "      <th>AF3</th>\n",
       "      <th>AF4</th>\n",
       "      <th>F3</th>\n",
       "      <th>F4</th>\n",
       "      <th>F7</th>\n",
       "      <th>F8</th>\n",
       "      <th>FC5</th>\n",
       "      <th>FC6</th>\n",
       "      <th>O1</th>\n",
       "      <th>O2</th>\n",
       "      <th>P7</th>\n",
       "      <th>P8</th>\n",
       "      <th>T7</th>\n",
       "      <th>T8</th>\n",
       "    </tr>\n",
       "  </thead>\n",
       "  <tbody>\n",
       "    <tr>\n",
       "      <th>AF3</th>\n",
       "      <td>1.000000</td>\n",
       "      <td>0.999824</td>\n",
       "      <td>0.999990</td>\n",
       "      <td>0.999989</td>\n",
       "      <td>0.998957</td>\n",
       "      <td>0.999899</td>\n",
       "      <td>0.999781</td>\n",
       "      <td>0.998397</td>\n",
       "      <td>0.998827</td>\n",
       "      <td>0.999983</td>\n",
       "      <td>0.999993</td>\n",
       "      <td>0.999964</td>\n",
       "      <td>0.999987</td>\n",
       "      <td>0.999973</td>\n",
       "    </tr>\n",
       "    <tr>\n",
       "      <th>AF4</th>\n",
       "      <td>0.999824</td>\n",
       "      <td>1.000000</td>\n",
       "      <td>0.999779</td>\n",
       "      <td>0.999777</td>\n",
       "      <td>0.998309</td>\n",
       "      <td>0.999865</td>\n",
       "      <td>0.999377</td>\n",
       "      <td>0.997286</td>\n",
       "      <td>0.998120</td>\n",
       "      <td>0.999760</td>\n",
       "      <td>0.999818</td>\n",
       "      <td>0.999820</td>\n",
       "      <td>0.999896</td>\n",
       "      <td>0.999857</td>\n",
       "    </tr>\n",
       "    <tr>\n",
       "      <th>F3</th>\n",
       "      <td>0.999990</td>\n",
       "      <td>0.999779</td>\n",
       "      <td>1.000000</td>\n",
       "      <td>0.999996</td>\n",
       "      <td>0.999063</td>\n",
       "      <td>0.999880</td>\n",
       "      <td>0.999833</td>\n",
       "      <td>0.998542</td>\n",
       "      <td>0.998907</td>\n",
       "      <td>0.999993</td>\n",
       "      <td>0.999993</td>\n",
       "      <td>0.999958</td>\n",
       "      <td>0.999975</td>\n",
       "      <td>0.999969</td>\n",
       "    </tr>\n",
       "    <tr>\n",
       "      <th>F4</th>\n",
       "      <td>0.999989</td>\n",
       "      <td>0.999777</td>\n",
       "      <td>0.999996</td>\n",
       "      <td>1.000000</td>\n",
       "      <td>0.998967</td>\n",
       "      <td>0.999898</td>\n",
       "      <td>0.999813</td>\n",
       "      <td>0.998478</td>\n",
       "      <td>0.999001</td>\n",
       "      <td>0.999999</td>\n",
       "      <td>0.999997</td>\n",
       "      <td>0.999971</td>\n",
       "      <td>0.999976</td>\n",
       "      <td>0.999978</td>\n",
       "    </tr>\n",
       "    <tr>\n",
       "      <th>F7</th>\n",
       "      <td>0.998957</td>\n",
       "      <td>0.998309</td>\n",
       "      <td>0.999063</td>\n",
       "      <td>0.998967</td>\n",
       "      <td>1.000000</td>\n",
       "      <td>0.998531</td>\n",
       "      <td>0.999212</td>\n",
       "      <td>0.999421</td>\n",
       "      <td>0.997464</td>\n",
       "      <td>0.998954</td>\n",
       "      <td>0.998915</td>\n",
       "      <td>0.998668</td>\n",
       "      <td>0.998837</td>\n",
       "      <td>0.998797</td>\n",
       "    </tr>\n",
       "    <tr>\n",
       "      <th>F8</th>\n",
       "      <td>0.999899</td>\n",
       "      <td>0.999865</td>\n",
       "      <td>0.999880</td>\n",
       "      <td>0.999898</td>\n",
       "      <td>0.998531</td>\n",
       "      <td>1.000000</td>\n",
       "      <td>0.999453</td>\n",
       "      <td>0.997716</td>\n",
       "      <td>0.998821</td>\n",
       "      <td>0.999902</td>\n",
       "      <td>0.999908</td>\n",
       "      <td>0.999882</td>\n",
       "      <td>0.999941</td>\n",
       "      <td>0.999970</td>\n",
       "    </tr>\n",
       "    <tr>\n",
       "      <th>FC5</th>\n",
       "      <td>0.999781</td>\n",
       "      <td>0.999377</td>\n",
       "      <td>0.999833</td>\n",
       "      <td>0.999813</td>\n",
       "      <td>0.999212</td>\n",
       "      <td>0.999453</td>\n",
       "      <td>1.000000</td>\n",
       "      <td>0.999123</td>\n",
       "      <td>0.998862</td>\n",
       "      <td>0.999808</td>\n",
       "      <td>0.999794</td>\n",
       "      <td>0.999775</td>\n",
       "      <td>0.999711</td>\n",
       "      <td>0.999675</td>\n",
       "    </tr>\n",
       "    <tr>\n",
       "      <th>FC6</th>\n",
       "      <td>0.998397</td>\n",
       "      <td>0.997286</td>\n",
       "      <td>0.998542</td>\n",
       "      <td>0.998478</td>\n",
       "      <td>0.999421</td>\n",
       "      <td>0.997716</td>\n",
       "      <td>0.999123</td>\n",
       "      <td>1.000000</td>\n",
       "      <td>0.998011</td>\n",
       "      <td>0.998485</td>\n",
       "      <td>0.998391</td>\n",
       "      <td>0.998218</td>\n",
       "      <td>0.998153</td>\n",
       "      <td>0.998135</td>\n",
       "    </tr>\n",
       "    <tr>\n",
       "      <th>O1</th>\n",
       "      <td>0.998827</td>\n",
       "      <td>0.998120</td>\n",
       "      <td>0.998907</td>\n",
       "      <td>0.999001</td>\n",
       "      <td>0.997464</td>\n",
       "      <td>0.998821</td>\n",
       "      <td>0.998862</td>\n",
       "      <td>0.998011</td>\n",
       "      <td>1.000000</td>\n",
       "      <td>0.999052</td>\n",
       "      <td>0.998922</td>\n",
       "      <td>0.998969</td>\n",
       "      <td>0.998740</td>\n",
       "      <td>0.998909</td>\n",
       "    </tr>\n",
       "    <tr>\n",
       "      <th>O2</th>\n",
       "      <td>0.999983</td>\n",
       "      <td>0.999760</td>\n",
       "      <td>0.999993</td>\n",
       "      <td>0.999999</td>\n",
       "      <td>0.998954</td>\n",
       "      <td>0.999902</td>\n",
       "      <td>0.999808</td>\n",
       "      <td>0.998485</td>\n",
       "      <td>0.999052</td>\n",
       "      <td>1.000000</td>\n",
       "      <td>0.999994</td>\n",
       "      <td>0.999967</td>\n",
       "      <td>0.999969</td>\n",
       "      <td>0.999978</td>\n",
       "    </tr>\n",
       "    <tr>\n",
       "      <th>P7</th>\n",
       "      <td>0.999993</td>\n",
       "      <td>0.999818</td>\n",
       "      <td>0.999993</td>\n",
       "      <td>0.999997</td>\n",
       "      <td>0.998915</td>\n",
       "      <td>0.999908</td>\n",
       "      <td>0.999794</td>\n",
       "      <td>0.998391</td>\n",
       "      <td>0.998922</td>\n",
       "      <td>0.999994</td>\n",
       "      <td>1.000000</td>\n",
       "      <td>0.999977</td>\n",
       "      <td>0.999986</td>\n",
       "      <td>0.999981</td>\n",
       "    </tr>\n",
       "    <tr>\n",
       "      <th>P8</th>\n",
       "      <td>0.999964</td>\n",
       "      <td>0.999820</td>\n",
       "      <td>0.999958</td>\n",
       "      <td>0.999971</td>\n",
       "      <td>0.998668</td>\n",
       "      <td>0.999882</td>\n",
       "      <td>0.999775</td>\n",
       "      <td>0.998218</td>\n",
       "      <td>0.998969</td>\n",
       "      <td>0.999967</td>\n",
       "      <td>0.999977</td>\n",
       "      <td>1.000000</td>\n",
       "      <td>0.999965</td>\n",
       "      <td>0.999956</td>\n",
       "    </tr>\n",
       "    <tr>\n",
       "      <th>T7</th>\n",
       "      <td>0.999987</td>\n",
       "      <td>0.999896</td>\n",
       "      <td>0.999975</td>\n",
       "      <td>0.999976</td>\n",
       "      <td>0.998837</td>\n",
       "      <td>0.999941</td>\n",
       "      <td>0.999711</td>\n",
       "      <td>0.998153</td>\n",
       "      <td>0.998740</td>\n",
       "      <td>0.999969</td>\n",
       "      <td>0.999986</td>\n",
       "      <td>0.999965</td>\n",
       "      <td>1.000000</td>\n",
       "      <td>0.999989</td>\n",
       "    </tr>\n",
       "    <tr>\n",
       "      <th>T8</th>\n",
       "      <td>0.999973</td>\n",
       "      <td>0.999857</td>\n",
       "      <td>0.999969</td>\n",
       "      <td>0.999978</td>\n",
       "      <td>0.998797</td>\n",
       "      <td>0.999970</td>\n",
       "      <td>0.999675</td>\n",
       "      <td>0.998135</td>\n",
       "      <td>0.998909</td>\n",
       "      <td>0.999978</td>\n",
       "      <td>0.999981</td>\n",
       "      <td>0.999956</td>\n",
       "      <td>0.999989</td>\n",
       "      <td>1.000000</td>\n",
       "    </tr>\n",
       "  </tbody>\n",
       "</table>\n",
       "</div>"
      ],
      "text/plain": [
       "          AF3       AF4        F3        F4        F7        F8       FC5  \\\n",
       "AF3  1.000000  0.999824  0.999990  0.999989  0.998957  0.999899  0.999781   \n",
       "AF4  0.999824  1.000000  0.999779  0.999777  0.998309  0.999865  0.999377   \n",
       "F3   0.999990  0.999779  1.000000  0.999996  0.999063  0.999880  0.999833   \n",
       "F4   0.999989  0.999777  0.999996  1.000000  0.998967  0.999898  0.999813   \n",
       "F7   0.998957  0.998309  0.999063  0.998967  1.000000  0.998531  0.999212   \n",
       "F8   0.999899  0.999865  0.999880  0.999898  0.998531  1.000000  0.999453   \n",
       "FC5  0.999781  0.999377  0.999833  0.999813  0.999212  0.999453  1.000000   \n",
       "FC6  0.998397  0.997286  0.998542  0.998478  0.999421  0.997716  0.999123   \n",
       "O1   0.998827  0.998120  0.998907  0.999001  0.997464  0.998821  0.998862   \n",
       "O2   0.999983  0.999760  0.999993  0.999999  0.998954  0.999902  0.999808   \n",
       "P7   0.999993  0.999818  0.999993  0.999997  0.998915  0.999908  0.999794   \n",
       "P8   0.999964  0.999820  0.999958  0.999971  0.998668  0.999882  0.999775   \n",
       "T7   0.999987  0.999896  0.999975  0.999976  0.998837  0.999941  0.999711   \n",
       "T8   0.999973  0.999857  0.999969  0.999978  0.998797  0.999970  0.999675   \n",
       "\n",
       "          FC6        O1        O2        P7        P8        T7        T8  \n",
       "AF3  0.998397  0.998827  0.999983  0.999993  0.999964  0.999987  0.999973  \n",
       "AF4  0.997286  0.998120  0.999760  0.999818  0.999820  0.999896  0.999857  \n",
       "F3   0.998542  0.998907  0.999993  0.999993  0.999958  0.999975  0.999969  \n",
       "F4   0.998478  0.999001  0.999999  0.999997  0.999971  0.999976  0.999978  \n",
       "F7   0.999421  0.997464  0.998954  0.998915  0.998668  0.998837  0.998797  \n",
       "F8   0.997716  0.998821  0.999902  0.999908  0.999882  0.999941  0.999970  \n",
       "FC5  0.999123  0.998862  0.999808  0.999794  0.999775  0.999711  0.999675  \n",
       "FC6  1.000000  0.998011  0.998485  0.998391  0.998218  0.998153  0.998135  \n",
       "O1   0.998011  1.000000  0.999052  0.998922  0.998969  0.998740  0.998909  \n",
       "O2   0.998485  0.999052  1.000000  0.999994  0.999967  0.999969  0.999978  \n",
       "P7   0.998391  0.998922  0.999994  1.000000  0.999977  0.999986  0.999981  \n",
       "P8   0.998218  0.998969  0.999967  0.999977  1.000000  0.999965  0.999956  \n",
       "T7   0.998153  0.998740  0.999969  0.999986  0.999965  1.000000  0.999989  \n",
       "T8   0.998135  0.998909  0.999978  0.999981  0.999956  0.999989  1.000000  "
      ]
     },
     "execution_count": 35,
     "metadata": {},
     "output_type": "execute_result"
    }
   ],
   "source": [
    "studies[0]"
   ]
  },
  {
   "cell_type": "code",
   "execution_count": 19,
   "id": "2fdc1e1a",
   "metadata": {},
   "outputs": [],
   "source": [
    "def compute_plv(matrix, columns):\n",
    "    \"\"\"\n",
    "    Compute the Phase Locking Value (PLV) for a given matrix of time-series signals.\n",
    "    Parameters:\n",
    "        matrix (np.ndarray): A 2D NumPy array of time-series data.\n",
    "        columns (list): List of column names from the original DataFrame.\n",
    "    Returns:\n",
    "        pd.DataFrame: PLV matrix as a pandas DataFrame.\n",
    "    \"\"\"\n",
    "    n_channels = matrix.shape[1]\n",
    "    plv_matrix = np.zeros((n_channels, n_channels))\n",
    "\n",
    "    phases = np.angle(hilbert(matrix, axis=0))\n",
    "\n",
    "    for i in range(n_channels):\n",
    "        for j in range(n_channels):\n",
    "            phase_diff = phases[:, i] - phases[:, j]\n",
    "            plv_matrix[i, j] = np.abs(np.mean(np.exp(1j * phase_diff)))\n",
    "\n",
    "    return pd.DataFrame(plv_matrix, columns=columns, index=columns)\n",
    "\n",
    "# Update the loop to handle this\n",
    "for i, study in enumerate(studies):\n",
    "    studies[i] = compute_plv(study.values, study.columns)  \n"
   ]
  },
  {
   "cell_type": "code",
   "execution_count": 20,
   "id": "f5038cd8",
   "metadata": {},
   "outputs": [],
   "source": [
    "for i, study in enumerate(studies):\n",
    "    studies[i] = compute_plv(study.values, study.columns)"
   ]
  },
  {
   "cell_type": "code",
   "execution_count": 21,
   "id": "e6d633e3",
   "metadata": {},
   "outputs": [],
   "source": [
    "assert len(studies) == 318"
   ]
  },
  {
   "cell_type": "code",
   "execution_count": 34,
   "id": "5983a500",
   "metadata": {},
   "outputs": [],
   "source": [
    "for i, study in enumerate(studies):\n",
    "    study.to_csv(f\"study_{i}.csv\", index=False)"
   ]
  },
  {
   "cell_type": "code",
   "execution_count": 27,
   "id": "4755288a",
   "metadata": {},
   "outputs": [
    {
     "name": "stdout",
     "output_type": "stream",
     "text": [
      "Train size: 190\n",
      "Validation size: 64\n",
      "Test size: 64\n"
     ]
    }
   ],
   "source": [
    "from sklearn.model_selection import train_test_split\n",
    "\n",
    "train_studies, temp_studies = train_test_split(studies, test_size=0.4, random_state=42)\n",
    "valid_studies, test_studies = train_test_split(temp_studies, test_size=0.5, random_state=42)\n",
    "\n",
    "print(f\"Train size: {len(train_studies)}\")\n",
    "print(f\"Validation size: {len(valid_studies)}\")\n",
    "print(f\"Test size: {len(test_studies)}\")\n"
   ]
  },
  {
   "cell_type": "code",
   "execution_count": 24,
   "id": "dc35b6d7",
   "metadata": {},
   "outputs": [
    {
     "ename": "ModuleNotFoundError",
     "evalue": "No module named 'torch'",
     "output_type": "error",
     "traceback": [
      "\u001b[1;31m---------------------------------------------------------------------------\u001b[0m",
      "\u001b[1;31mModuleNotFoundError\u001b[0m                       Traceback (most recent call last)",
      "Cell \u001b[1;32mIn[24], line 1\u001b[0m\n\u001b[1;32m----> 1\u001b[0m \u001b[38;5;28;01mimport\u001b[39;00m \u001b[38;5;21;01mtorch\u001b[39;00m\n",
      "\u001b[1;31mModuleNotFoundError\u001b[0m: No module named 'torch'"
     ]
    }
   ],
   "source": [
    "model = GATv2Lightning(features_shape=train_data[0].x.shape[-1]).to(device)"
   ]
  },
  {
   "cell_type": "code",
   "execution_count": null,
   "id": "30bf4f44",
   "metadata": {},
   "outputs": [],
   "source": [
    "print(torch.cuda.is_available())"
   ]
  },
  {
   "cell_type": "code",
   "execution_count": 11,
   "id": "1348dd24",
   "metadata": {},
   "outputs": [],
   "source": [
    "class Args:\n",
    "    timestep = 6\n",
    "    epochs = 25\n",
    "    batch_size = 256\n",
    "    n_splits = 5\n",
    "    cache_dir = \"data/cache\"\n",
    "    exp_name = \"eeg_exp\"\n",
    "\n",
    "args = Args()"
   ]
  },
  {
   "cell_type": "code",
   "execution_count": null,
   "id": "c2b193b0",
   "metadata": {},
   "outputs": [],
   "source": [
    "kfold_cval(studies, args)"
   ]
  }
 ],
 "metadata": {
  "kernelspec": {
   "display_name": "Python 3",
   "language": "python",
   "name": "python3"
  },
  "language_info": {
   "codemirror_mode": {
    "name": "ipython",
    "version": 3
   },
   "file_extension": ".py",
   "mimetype": "text/x-python",
   "name": "python",
   "nbconvert_exporter": "python",
   "pygments_lexer": "ipython3",
   "version": "3.10.0"
  }
 },
 "nbformat": 4,
 "nbformat_minor": 5
}
