AF3,AF4,F3,F4,F7,F8,FC5,FC6,O1,O2,P7,P8,T7,T8
1.0,0.9879867790691468,0.9807221213044536,0.9852889757146384,0.9792186549165558,0.9883550693771435,0.9795690105955248,0.9941538534939311,0.9778525234376628,0.9935157844884623,0.9818356484061869,0.9890418368570775,0.9773022441955679,0.9856306560266902
0.9879867790691468,1.0,0.9942218299672999,0.999157014759565,0.9965546531523256,0.9984870679190853,0.9971008576364007,0.9941613856149061,0.9915936388408293,0.9967193227053365,0.9946497781394538,0.9899399440227661,0.9962223139418436,0.996005892627444
0.9807221213044536,0.9942218299672999,1.0,0.9963767917098413,0.9961326058119738,0.9883790535353203,0.9965437176936459,0.9945420909245609,0.9983794333921543,0.987625819828439,0.9996096120185233,0.9760661363977275,0.993584425645801,0.9831970306743919
0.9852889757146384,0.999157014759565,0.9963767917098413,1.0,0.9986353373804073,0.9956215436191838,0.9986850936756826,0.9945835083075849,0.9932642194689961,0.9934815437225883,0.9962731219484234,0.9842730175792604,0.9982140339685056,0.9918440766846345
0.9792186549165558,0.9965546531523256,0.9961326058119738,0.9986353373804073,1.0,0.9922490169360371,0.9993064537099301,0.9928449083257085,0.9911381784143362,0.9896930340749054,0.9947189353653797,0.9792815555022193,0.9984957932994626,0.9879780290866441
0.9883550693771435,0.9984870679190853,0.9883790535353203,0.9956215436191838,0.9922490169360371,1.0,0.9932594263000873,0.9910225488029706,0.9854117887159005,0.9987211411128838,0.9890046507698524,0.9954201399975507,0.9915943865989504,0.9993613067774005
0.9795690105955248,0.9971008576364007,0.9965437176936459,0.9986850936756826,0.9993064537099301,0.9932594263000873,1.0,0.9926192602297439,0.9931197075196982,0.9905214047427928,0.9956660821983275,0.980383742619652,0.9971571965778082,0.9893050809816228
0.9941538534939311,0.9941613856149061,0.9945420909245609,0.9945835083075849,0.9928449083257085,0.9910225488029706,0.9926192602297439,1.0,0.9907493409384129,0.9937350192774198,0.99404839903144,0.9847085512965996,0.9894380052915969,0.9865815110898281
0.9778525234376628,0.9915936388408293,0.9983794333921543,0.9932642194689961,0.9911381784143362,0.9854117887159005,0.9931197075196982,0.9907493409384129,1.0,0.9844137705380716,0.9993269748783655,0.9726769336276594,0.9888974533574295,0.9802409526656499
0.9935157844884623,0.9967193227053365,0.987625819828439,0.9934815437225883,0.9896930340749054,0.9987211411128838,0.9905214047427928,0.9937350192774198,0.9844137705380716,1.0,0.9882119997004516,0.9975112478652727,0.9881174677378912,0.997957481770579
0.9818356484061869,0.9946497781394538,0.9996096120185233,0.9962731219484234,0.9947189353653797,0.9890046507698524,0.9956660821983275,0.99404839903144,0.9993269748783655,0.9882119997004516,1.0,0.9770922760052483,0.9928598390609641,0.9840414467767842
0.9890418368570775,0.9899399440227661,0.9760661363977275,0.9842730175792604,0.9792815555022193,0.9954201399975507,0.980383742619652,0.9847085512965996,0.9726769336276594,0.9975112478652727,0.9770922760052483,1.0,0.9781176471582097,0.9969393820346383
0.9773022441955679,0.9962223139418436,0.993584425645801,0.9982140339685056,0.9984957932994626,0.9915943865989504,0.9971571965778082,0.9894380052915969,0.9888974533574295,0.9881174677378912,0.9928598390609641,0.9781176471582097,1.0,0.9874248377474081
0.9856306560266902,0.996005892627444,0.9831970306743919,0.9918440766846345,0.9879780290866441,0.9993613067774005,0.9893050809816228,0.9865815110898281,0.9802409526656499,0.997957481770579,0.9840414467767842,0.9969393820346383,0.9874248377474081,1.0
