AF3,AF4,F3,F4,F7,F8,FC5,FC6,O1,O2,P7,P8,T7,T8
1.0,0.9492195337841822,0.7383687063308131,0.7691666931799199,0.9101905531229695,0.7850306768033659,0.5531826332235833,0.7492040693836349,0.7219683274748376,0.6896208380999285,0.8148930113193743,0.5596415710095253,0.8896114119157124,0.8377652073126758
0.9492195337841822,1.0,0.8678863011077796,0.8941266459512603,0.9761572260693663,0.9048458915399183,0.690271145115659,0.8767897761970633,0.8531659936283444,0.8221874214484124,0.9282302001814514,0.6961525862165907,0.9714154215092803,0.9437722646980221
0.7383687063308131,0.8678863011077796,1.0,0.9972621274588229,0.9265255496543634,0.994856664044605,0.9317771382691987,0.9997241025407795,0.9990889449230329,0.9930026819163997,0.9855414354030525,0.9300102542148866,0.9515944727905115,0.977973061087879
0.7691666931799199,0.8941266459512603,0.9972621274588229,1.0,0.9466820120693326,0.9971923230785915,0.905042566230597,0.9986338955430378,0.9937525079330933,0.9822322429885645,0.9949387577447313,0.9036835236937452,0.9670921403484591,0.9896790117555619
0.9101905531229695,0.9761572260693663,0.9265255496543634,0.9466820120693326,1.0,0.9527445144524902,0.7705318729879296,0.9337075656886715,0.9152706801822743,0.8901667173875077,0.9692679856408846,0.7743991996410465,0.9930405115751539,0.9785946540552276
0.7850306768033659,0.9048458915399183,0.994856664044605,0.9971923230785915,0.9527445144524902,1.0,0.9107042443629534,0.9963379815028502,0.9911511904269314,0.9808440111757354,0.993445589838169,0.9100093053155018,0.9742186846208503,0.9898818032422768
0.5531826332235833,0.690271145115659,0.9317771382691987,0.905042566230597,0.7705318729879296,0.9107042443629534,1.0,0.9243678523956684,0.9416125957225074,0.9619553063589315,0.8662594885759326,0.9933560948112283,0.8137555650378862,0.850046841921265
0.7492040693836349,0.8767897761970633,0.9997241025407795,0.9986338955430378,0.9337075656886715,0.9963379815028502,0.9243678523956684,1.0,0.9981487611321861,0.9905408340744577,0.9891447474593204,0.9232116937601595,0.9575142387911265,0.9823728992440325
0.7219683274748376,0.8531659936283444,0.9990889449230329,0.9937525079330933,0.9152706801822743,0.9911511904269314,0.9416125957225074,0.9981487611321861,1.0,0.9968697146308851,0.9792297607015207,0.9418663159822367,0.9425296900577439,0.9706262037119271
0.6896208380999285,0.8221874214484124,0.9930026819163997,0.9822322429885645,0.8901667173875077,0.9808440111757354,0.9619553063589315,0.9905408340744577,0.9968697146308851,1.0,0.9617404673454059,0.9638163551586264,0.9212092682955316,0.9513069444253576
0.8148930113193743,0.9282302001814514,0.9855414354030525,0.9949387577447313,0.9692679856408846,0.993445589838169,0.8662594885759326,0.9891447474593204,0.9792297607015207,0.9617404673454059,1.0,0.8671592988573862,0.9846610371560502,0.9988522576735438
0.5596415710095253,0.6961525862165907,0.9300102542148866,0.9036835236937452,0.7743991996410465,0.9100093053155018,0.9933560948112283,0.9232116937601595,0.9418663159822367,0.9638163551586264,0.8671592988573862,1.0,0.8183814567610305,0.8520729067553727
0.8896114119157124,0.9714154215092803,0.9515944727905115,0.9670921403484591,0.9930405115751539,0.9742186846208503,0.8137555650378862,0.9575142387911265,0.9425296900577439,0.9212092682955316,0.9846610371560502,0.8183814567610305,1.0,0.991411256693907
0.8377652073126758,0.9437722646980221,0.977973061087879,0.9896790117555619,0.9785946540552276,0.9898818032422768,0.850046841921265,0.9823728992440325,0.9706262037119271,0.9513069444253576,0.9988522576735438,0.8520729067553727,0.991411256693907,1.0
